(kicad_pcb (version 20171130) (host pcbnew 5.1.5+dfsg1-2+b1)

  (general
    (thickness 1.6)
    (drawings 7)
    (tracks 352)
    (zones 0)
    (modules 28)
    (nets 30)
  )

  (page A4)
  (title_block
    (company "Purism SPC")
  )

  (layers
    (0 F.Cu signal)
    (31 B.Cu signal)
    (33 F.Adhes user)
    (35 F.Paste user)
    (37 F.SilkS user)
    (38 B.Mask user)
    (39 F.Mask user)
    (40 Dwgs.User user)
    (41 Cmts.User user)
    (42 Eco1.User user)
    (43 Eco2.User user)
    (44 Edge.Cuts user)
    (45 Margin user)
    (46 B.CrtYd user)
    (47 F.CrtYd user)
    (49 F.Fab user)
  )

  (setup
    (last_trace_width 0.2)
    (user_trace_width 0.2)
    (trace_clearance 0.2)
    (zone_clearance 0.508)
    (zone_45_only no)
    (trace_min 0.2)
    (via_size 0.8)
    (via_drill 0.4)
    (via_min_size 0.4)
    (via_min_drill 0.3)
    (uvia_size 0.3)
    (uvia_drill 0.1)
    (uvias_allowed no)
    (uvia_min_size 0.2)
    (uvia_min_drill 0.1)
    (edge_width 0.05)
    (segment_width 0.2)
    (pcb_text_width 0.3)
    (pcb_text_size 1.5 1.5)
    (mod_edge_width 0.12)
    (mod_text_size 1 1)
    (mod_text_width 0.15)
    (pad_size 1.95 1.95)
    (pad_drill 1.3)
    (pad_to_mask_clearance 0.0508)
    (solder_mask_min_width 0.25)
    (aux_axis_origin 0 0)
    (visible_elements FFFFFF7F)
    (pcbplotparams
      (layerselection 0x010fc_ffffffff)
      (usegerberextensions false)
      (usegerberattributes false)
      (usegerberadvancedattributes false)
      (creategerberjobfile false)
      (excludeedgelayer true)
      (linewidth 0.100000)
      (plotframeref false)
      (viasonmask false)
      (mode 1)
      (useauxorigin false)
      (hpglpennumber 1)
      (hpglpenspeed 20)
      (hpglpendiameter 15.000000)
      (psnegative false)
      (psa4output false)
      (plotreference true)
      (plotvalue true)
      (plotinvisibletext false)
      (padsonsilk false)
      (subtractmaskfromsilk false)
      (outputformat 1)
      (mirror false)
      (drillshape 1)
      (scaleselection 1)
      (outputdirectory ""))
  )

  (net 0 "")
  (net 1 /DCDC_5V)
  (net 2 GND)
  (net 3 "Net-(J2-Pad14)")
  (net 4 "Net-(J2-Pad13)")
  (net 5 /VDD_3V3)
  (net 6 Earth)
  (net 7 /HDMI_DDC_SCL)
  (net 8 /HDMI_DDC_SCA)
  (net 9 /HDMI_TX2P)
  (net 10 /HDMI_TX2N)
  (net 11 /HDMI_TX0P)
  (net 12 /HDMI_TX0N)
  (net 13 /HDMI_TX1P)
  (net 14 /HDMI_CLKP)
  (net 15 /HDMI_TX1N)
  (net 16 /HDMI_CLKN)
  (net 17 /HDMI_CEC)
  (net 18 /DP0_P)
  (net 19 /DP2_P)
  (net 20 /DP0_N)
  (net 21 /DP2_N)
  (net 22 /DP1_P)
  (net 23 /DP3_P)
  (net 24 /DP1_N)
  (net 25 /DP3_N)
  (net 26 /DP_AUX_P)
  (net 27 /DP_AUX_N)
  (net 28 /HDMI_HEACP)
  (net 29 /HDMI_HEACN)

  (net_class Default "This is the default net class."
    (clearance 0.2)
    (trace_width 0.25)
    (via_dia 0.8)
    (via_drill 0.4)
    (uvia_dia 0.3)
    (uvia_drill 0.1)
    (add_net /DCDC_5V)
    (add_net /DP0_N)
    (add_net /DP0_P)
    (add_net /DP1_N)
    (add_net /DP1_P)
    (add_net /DP2_N)
    (add_net /DP2_P)
    (add_net /DP3_N)
    (add_net /DP3_P)
    (add_net /DP_AUX_N)
    (add_net /DP_AUX_P)
    (add_net /HDMI_CEC)
    (add_net /HDMI_CLKN)
    (add_net /HDMI_CLKP)
    (add_net /HDMI_DDC_SCA)
    (add_net /HDMI_DDC_SCL)
    (add_net /HDMI_HEACN)
    (add_net /HDMI_HEACP)
    (add_net /HDMI_TX0N)
    (add_net /HDMI_TX0P)
    (add_net /HDMI_TX1N)
    (add_net /HDMI_TX1P)
    (add_net /HDMI_TX2N)
    (add_net /HDMI_TX2P)
    (add_net /VDD_3V3)
    (add_net Earth)
    (add_net GND)
    (add_net "Net-(J2-Pad13)")
    (add_net "Net-(J2-Pad14)")
  )

  (module Package_TO_SOT_SMD:SOT-223-3_TabPin2 (layer B.Cu) (tedit 5A02FF57) (tstamp 5EAC9463)
    (at 92.71 69.85 90)
    (descr "module CMS SOT223 4 pins")
    (tags "CMS SOT")
    (path /5EA33577)
    (attr smd)
    (fp_text reference U1 (at 0 4.5 90) (layer B.SilkS)
      (effects (font (size 1 1) (thickness 0.15)) (justify mirror))
    )
    (fp_text value AMS1117-3.3 (at 0 -4.5 90) (layer B.Fab)
      (effects (font (size 1 1) (thickness 0.15)) (justify mirror))
    )
    (fp_text user %R (at 0 0 180) (layer B.Fab)
      (effects (font (size 0.8 0.8) (thickness 0.12)) (justify mirror))
    )
    (fp_line (start 1.91 -3.41) (end 1.91 -2.15) (layer B.SilkS) (width 0.12))
    (fp_line (start 1.91 3.41) (end 1.91 2.15) (layer B.SilkS) (width 0.12))
    (fp_line (start 4.4 3.6) (end -4.4 3.6) (layer B.CrtYd) (width 0.05))
    (fp_line (start 4.4 -3.6) (end 4.4 3.6) (layer B.CrtYd) (width 0.05))
    (fp_line (start -4.4 -3.6) (end 4.4 -3.6) (layer B.CrtYd) (width 0.05))
    (fp_line (start -4.4 3.6) (end -4.4 -3.6) (layer B.CrtYd) (width 0.05))
    (fp_line (start -1.85 2.35) (end -0.85 3.35) (layer B.Fab) (width 0.1))
    (fp_line (start -1.85 2.35) (end -1.85 -3.35) (layer B.Fab) (width 0.1))
    (fp_line (start -1.85 -3.41) (end 1.91 -3.41) (layer B.SilkS) (width 0.12))
    (fp_line (start -0.85 3.35) (end 1.85 3.35) (layer B.Fab) (width 0.1))
    (fp_line (start -4.1 3.41) (end 1.91 3.41) (layer B.SilkS) (width 0.12))
    (fp_line (start -1.85 -3.35) (end 1.85 -3.35) (layer B.Fab) (width 0.1))
    (fp_line (start 1.85 3.35) (end 1.85 -3.35) (layer B.Fab) (width 0.1))
    (pad 2 smd rect (at 3.15 0 90) (size 2 3.8) (layers B.Cu B.Paste B.Mask)
      (net 5 /VDD_3V3))
    (pad 2 smd rect (at -3.15 0 90) (size 2 1.5) (layers B.Cu B.Paste B.Mask)
      (net 5 /VDD_3V3))
    (pad 3 smd rect (at -3.15 -2.3 90) (size 2 1.5) (layers B.Cu B.Paste B.Mask)
      (net 1 /DCDC_5V))
    (pad 1 smd rect (at -3.15 2.3 90) (size 2 1.5) (layers B.Cu B.Paste B.Mask)
      (net 2 GND))
    (model ${KISYS3DMOD}/Package_TO_SOT_SMD.3dshapes/SOT-223.wrl
      (at (xyz 0 0 0))
      (scale (xyz 1 1 1))
      (rotate (xyz 0 0 0))
    )
  )

  (module hdmi2dp:MOLEX_47272-0001 (layer F.Cu) (tedit 5EA40FE8) (tstamp 5EAC942B)
    (at 109.6 64 180)
    (path /5EAC1498)
    (fp_text reference J2 (at -6.025 -15.835) (layer F.SilkS)
      (effects (font (size 1 1) (thickness 0.015)))
    )
    (fp_text value 47272-0001 (at 0.96 2.07) (layer F.Fab)
      (effects (font (size 1 1) (thickness 0.015)))
    )
    (fp_line (start -8.45 0) (end 8.45 0) (layer F.SilkS) (width 0.127))
    (fp_circle (center 5.5 -15.4) (end 5.6 -15.4) (layer F.Fab) (width 0.2))
    (fp_circle (center 5.5 -15.4) (end 5.6 -15.4) (layer F.SilkS) (width 0.2))
    (fp_line (start 9.2 1.27) (end -9.2 1.27) (layer F.CrtYd) (width 0.05))
    (fp_line (start 9.2 -15.01) (end 9.2 1.27) (layer F.CrtYd) (width 0.05))
    (fp_line (start -9.2 -15.01) (end 9.2 -15.01) (layer F.CrtYd) (width 0.05))
    (fp_line (start -9.2 1.27) (end -9.2 -15.01) (layer F.CrtYd) (width 0.05))
    (fp_line (start 8.45 -13.37) (end 5.95 -13.37) (layer F.SilkS) (width 0.127))
    (fp_line (start 8.45 -13.37) (end 8.45 -12.67) (layer F.SilkS) (width 0.127))
    (fp_line (start 8.45 -9.24) (end 8.45 -5.69) (layer F.SilkS) (width 0.127))
    (fp_line (start 8.45 -2.66) (end 8.45 0) (layer F.SilkS) (width 0.127))
    (fp_line (start -8.45 -2.66) (end -8.45 0) (layer F.SilkS) (width 0.127))
    (fp_line (start -8.45 -9.24) (end -8.45 -5.69) (layer F.SilkS) (width 0.127))
    (fp_line (start -8.45 -13.37) (end -8.45 -12.67) (layer F.SilkS) (width 0.127))
    (fp_line (start -4.45 -13.37) (end -8.45 -13.37) (layer F.SilkS) (width 0.127))
    (fp_text user PCB~EDGE (at 9.47 -0.13) (layer F.Fab)
      (effects (font (size 0.64 0.64) (thickness 0.015)))
    )
    (fp_line (start 15.5 0) (end -10 0) (layer F.Fab) (width 0.127))
    (fp_line (start 8.45 1.02) (end -8.45 1.02) (layer F.Fab) (width 0.127))
    (fp_line (start 8.45 -13.37) (end 8.45 1.02) (layer F.Fab) (width 0.127))
    (fp_line (start -8.45 -13.37) (end 8.45 -13.37) (layer F.Fab) (width 0.127))
    (fp_line (start -8.45 1.02) (end -8.45 -13.37) (layer F.Fab) (width 0.127))
    (pad 20 smd rect (at -4 -13.56 180) (size 0.28 2.4) (layers F.Cu F.Paste F.Mask)
      (net 5 /VDD_3V3))
    (pad 19 smd rect (at -3.5 -13.56 180) (size 0.28 2.4) (layers F.Cu F.Paste F.Mask)
      (net 2 GND))
    (pad 18 smd rect (at -3 -13.56 180) (size 0.28 2.4) (layers F.Cu F.Paste F.Mask)
      (net 29 /HDMI_HEACN))
    (pad 17 smd rect (at -2.5 -13.56 180) (size 0.28 2.4) (layers F.Cu F.Paste F.Mask)
      (net 27 /DP_AUX_N))
    (pad 16 smd rect (at -2 -13.56 180) (size 0.28 2.4) (layers F.Cu F.Paste F.Mask)
      (net 2 GND))
    (pad 15 smd rect (at -1.5 -13.56 180) (size 0.28 2.4) (layers F.Cu F.Paste F.Mask)
      (net 26 /DP_AUX_P))
    (pad 14 smd rect (at -1 -13.56 180) (size 0.28 2.4) (layers F.Cu F.Paste F.Mask)
      (net 3 "Net-(J2-Pad14)"))
    (pad 13 smd rect (at -0.5 -13.56 180) (size 0.28 2.4) (layers F.Cu F.Paste F.Mask)
      (net 4 "Net-(J2-Pad13)"))
    (pad 12 smd rect (at 0 -13.56 180) (size 0.28 2.4) (layers F.Cu F.Paste F.Mask)
      (net 25 /DP3_N))
    (pad 11 smd rect (at 0.5 -13.56 180) (size 0.28 2.4) (layers F.Cu F.Paste F.Mask)
      (net 2 GND))
    (pad 10 smd rect (at 1 -13.56 180) (size 0.28 2.4) (layers F.Cu F.Paste F.Mask)
      (net 23 /DP3_P))
    (pad 9 smd rect (at 1.5 -13.56 180) (size 0.28 2.4) (layers F.Cu F.Paste F.Mask)
      (net 21 /DP2_N))
    (pad 8 smd rect (at 2 -13.56 180) (size 0.28 2.4) (layers F.Cu F.Paste F.Mask)
      (net 2 GND))
    (pad 7 smd rect (at 2.5 -13.56 180) (size 0.28 2.4) (layers F.Cu F.Paste F.Mask)
      (net 19 /DP2_P))
    (pad 6 smd rect (at 3 -13.56 180) (size 0.28 2.4) (layers F.Cu F.Paste F.Mask)
      (net 24 /DP1_N))
    (pad 5 smd rect (at 3.5 -13.56 180) (size 0.28 2.4) (layers F.Cu F.Paste F.Mask)
      (net 2 GND))
    (pad 4 smd rect (at 4 -13.56 180) (size 0.28 2.4) (layers F.Cu F.Paste F.Mask)
      (net 22 /DP1_P))
    (pad 3 smd rect (at 4.5 -13.56 180) (size 0.28 2.4) (layers F.Cu F.Paste F.Mask)
      (net 20 /DP0_N))
    (pad 2 smd rect (at 5 -13.56 180) (size 0.28 2.4) (layers F.Cu F.Paste F.Mask)
      (net 2 GND))
    (pad S4 thru_hole oval (at 8.25 -4.18 180) (size 1.2 2.4) (drill oval 0.6 1.7) (layers *.Cu *.Mask)
      (net 6 Earth))
    (pad S2 thru_hole oval (at 8.25 -10.96 180) (size 1.4 2.8) (drill oval 0.6 2.2) (layers *.Cu *.Mask)
      (net 6 Earth))
    (pad None np_thru_hole circle (at 0 -3.28 180) (size 1.4 1.4) (drill 1.4) (layers *.Cu *.Mask))
    (pad S3 thru_hole oval (at -8.25 -4.18 180) (size 1.2 2.4) (drill oval 0.6 1.7) (layers *.Cu *.Mask)
      (net 6 Earth))
    (pad S1 thru_hole oval (at -8.25 -10.96 180) (size 1.4 2.8) (drill oval 0.6 2.2) (layers *.Cu *.Mask)
      (net 6 Earth))
    (pad 1 smd rect (at 5.5 -13.56 180) (size 0.28 2.4) (layers F.Cu F.Paste F.Mask)
      (net 18 /DP0_P))
  )

  (module Resistor_SMD:R_1206_3216Metric_Pad1.42x1.75mm_HandSolder (layer B.Cu) (tedit 5B301BBD) (tstamp 5EAC9F5B)
    (at 125.4 111)
    (descr "Resistor SMD 1206 (3216 Metric), square (rectangular) end terminal, IPC_7351 nominal with elongated pad for handsoldering. (Body size source: http://www.tortai-tech.com/upload/download/2011102023233369053.pdf), generated with kicad-footprint-generator")
    (tags "resistor handsolder")
    (path /5EAF5036)
    (attr smd)
    (fp_text reference R7 (at 0 1.82 180) (layer B.SilkS)
      (effects (font (size 1 1) (thickness 0.15)) (justify mirror))
    )
    (fp_text value >100K (at 0 -1.82 180) (layer B.Fab)
      (effects (font (size 1 1) (thickness 0.15)) (justify mirror))
    )
    (fp_line (start -1.6 -0.8) (end -1.6 0.8) (layer B.Fab) (width 0.1))
    (fp_line (start -1.6 0.8) (end 1.6 0.8) (layer B.Fab) (width 0.1))
    (fp_line (start 1.6 0.8) (end 1.6 -0.8) (layer B.Fab) (width 0.1))
    (fp_line (start 1.6 -0.8) (end -1.6 -0.8) (layer B.Fab) (width 0.1))
    (fp_line (start -0.602064 0.91) (end 0.602064 0.91) (layer B.SilkS) (width 0.12))
    (fp_line (start -0.602064 -0.91) (end 0.602064 -0.91) (layer B.SilkS) (width 0.12))
    (fp_line (start -2.45 -1.12) (end -2.45 1.12) (layer B.CrtYd) (width 0.05))
    (fp_line (start -2.45 1.12) (end 2.45 1.12) (layer B.CrtYd) (width 0.05))
    (fp_line (start 2.45 1.12) (end 2.45 -1.12) (layer B.CrtYd) (width 0.05))
    (fp_line (start 2.45 -1.12) (end -2.45 -1.12) (layer B.CrtYd) (width 0.05))
    (fp_text user %R (at 0 0 180) (layer B.Fab)
      (effects (font (size 0.8 0.8) (thickness 0.12)) (justify mirror))
    )
    (pad 1 smd roundrect (at -1.4875 0) (size 1.425 1.75) (layers B.Cu B.Paste B.Mask) (roundrect_rratio 0.175439)
      (net 7 /HDMI_DDC_SCL))
    (pad 2 smd roundrect (at 1.4875 0) (size 1.425 1.75) (layers B.Cu B.Paste B.Mask) (roundrect_rratio 0.175439)
      (net 2 GND))
    (model ${KISYS3DMOD}/Resistor_SMD.3dshapes/R_1206_3216Metric.wrl
      (at (xyz 0 0 0))
      (scale (xyz 1 1 1))
      (rotate (xyz 0 0 0))
    )
  )

  (module Resistor_SMD:R_1206_3216Metric_Pad1.42x1.75mm_HandSolder (layer B.Cu) (tedit 5B301BBD) (tstamp 5EAC621E)
    (at 125.4 114.1)
    (descr "Resistor SMD 1206 (3216 Metric), square (rectangular) end terminal, IPC_7351 nominal with elongated pad for handsoldering. (Body size source: http://www.tortai-tech.com/upload/download/2011102023233369053.pdf), generated with kicad-footprint-generator")
    (tags "resistor handsolder")
    (path /5EACC65E)
    (attr smd)
    (fp_text reference R3 (at 0 1.82 180) (layer B.SilkS)
      (effects (font (size 1 1) (thickness 0.15)) (justify mirror))
    )
    (fp_text value >100K (at 0 -1.82 180) (layer B.Fab)
      (effects (font (size 1 1) (thickness 0.15)) (justify mirror))
    )
    (fp_text user %R (at 0 0 180) (layer F.Fab)
      (effects (font (size 0.8 0.8) (thickness 0.12)))
    )
    (fp_line (start 2.45 -1.12) (end -2.45 -1.12) (layer B.CrtYd) (width 0.05))
    (fp_line (start 2.45 1.12) (end 2.45 -1.12) (layer B.CrtYd) (width 0.05))
    (fp_line (start -2.45 1.12) (end 2.45 1.12) (layer B.CrtYd) (width 0.05))
    (fp_line (start -2.45 -1.12) (end -2.45 1.12) (layer B.CrtYd) (width 0.05))
    (fp_line (start -0.602064 -0.91) (end 0.602064 -0.91) (layer B.SilkS) (width 0.12))
    (fp_line (start -0.602064 0.91) (end 0.602064 0.91) (layer B.SilkS) (width 0.12))
    (fp_line (start 1.6 -0.8) (end -1.6 -0.8) (layer B.Fab) (width 0.1))
    (fp_line (start 1.6 0.8) (end 1.6 -0.8) (layer B.Fab) (width 0.1))
    (fp_line (start -1.6 0.8) (end 1.6 0.8) (layer B.Fab) (width 0.1))
    (fp_line (start -1.6 -0.8) (end -1.6 0.8) (layer B.Fab) (width 0.1))
    (pad 2 smd roundrect (at 1.4875 0) (size 1.425 1.75) (layers B.Cu B.Paste B.Mask) (roundrect_rratio 0.175439)
      (net 2 GND))
    (pad 1 smd roundrect (at -1.4875 0) (size 1.425 1.75) (layers B.Cu B.Paste B.Mask) (roundrect_rratio 0.175439)
      (net 17 /HDMI_CEC))
    (model ${KISYS3DMOD}/Resistor_SMD.3dshapes/R_1206_3216Metric.wrl
      (at (xyz 0 0 0))
      (scale (xyz 1 1 1))
      (rotate (xyz 0 0 0))
    )
  )

  (module Resistor_SMD:R_1206_3216Metric_Pad1.42x1.75mm_HandSolder (layer B.Cu) (tedit 5B301BBD) (tstamp 5EAC9F6C)
    (at 125.4 107.9)
    (descr "Resistor SMD 1206 (3216 Metric), square (rectangular) end terminal, IPC_7351 nominal with elongated pad for handsoldering. (Body size source: http://www.tortai-tech.com/upload/download/2011102023233369053.pdf), generated with kicad-footprint-generator")
    (tags "resistor handsolder")
    (path /5EAF0A44)
    (attr smd)
    (fp_text reference R8 (at 0 1.82 180) (layer B.SilkS)
      (effects (font (size 1 1) (thickness 0.15)) (justify mirror))
    )
    (fp_text value >100K (at 0 -1.82 180) (layer B.Fab)
      (effects (font (size 1 1) (thickness 0.15)) (justify mirror))
    )
    (fp_text user %R (at 0 0 180) (layer B.Fab)
      (effects (font (size 0.8 0.8) (thickness 0.12)) (justify mirror))
    )
    (fp_line (start 2.45 -1.12) (end -2.45 -1.12) (layer B.CrtYd) (width 0.05))
    (fp_line (start 2.45 1.12) (end 2.45 -1.12) (layer B.CrtYd) (width 0.05))
    (fp_line (start -2.45 1.12) (end 2.45 1.12) (layer B.CrtYd) (width 0.05))
    (fp_line (start -2.45 -1.12) (end -2.45 1.12) (layer B.CrtYd) (width 0.05))
    (fp_line (start -0.602064 -0.91) (end 0.602064 -0.91) (layer B.SilkS) (width 0.12))
    (fp_line (start -0.602064 0.91) (end 0.602064 0.91) (layer B.SilkS) (width 0.12))
    (fp_line (start 1.6 -0.8) (end -1.6 -0.8) (layer B.Fab) (width 0.1))
    (fp_line (start 1.6 0.8) (end 1.6 -0.8) (layer B.Fab) (width 0.1))
    (fp_line (start -1.6 0.8) (end 1.6 0.8) (layer B.Fab) (width 0.1))
    (fp_line (start -1.6 -0.8) (end -1.6 0.8) (layer B.Fab) (width 0.1))
    (pad 2 smd roundrect (at 1.4875 0) (size 1.425 1.75) (layers B.Cu B.Paste B.Mask) (roundrect_rratio 0.175439)
      (net 2 GND))
    (pad 1 smd roundrect (at -1.4875 0) (size 1.425 1.75) (layers B.Cu B.Paste B.Mask) (roundrect_rratio 0.175439)
      (net 8 /HDMI_DDC_SCA))
    (model ${KISYS3DMOD}/Resistor_SMD.3dshapes/R_1206_3216Metric.wrl
      (at (xyz 0 0 0))
      (scale (xyz 1 1 1))
      (rotate (xyz 0 0 0))
    )
  )

  (module hdmi2dp:AMPHENOL_10029449-001RLF (layer B.Cu) (tedit 5EB53D45) (tstamp 5EAC93F9)
    (at 109.2 110.2 180)
    (path /5EA3205D)
    (fp_text reference J1 (at -6.325 3.135) (layer B.SilkS)
      (effects (font (size 1 1) (thickness 0.015)) (justify mirror))
    )
    (fp_text value HDMI_A (at 6.2 -9.415) (layer B.Fab)
      (effects (font (size 1 1) (thickness 0.015)) (justify mirror))
    )
    (fp_text user PCB~EDGE (at -3.048 -7.343) (layer B.Fab)
      (effects (font (size 0.64 0.64) (thickness 0.015)) (justify mirror))
    )
    (fp_line (start 7.5 -7.5) (end -7.5 -7.5) (layer B.Fab) (width 0.127))
    (fp_line (start -7.5 -7.5) (end -7.5 1.4) (layer B.Fab) (width 0.127))
    (fp_circle (center 4.73 3.04) (end 4.984 3.04) (layer B.Fab) (width 0.1))
    (fp_line (start -7.5 -8.5) (end -7.5 -7.5) (layer B.Fab) (width 0.127))
    (fp_line (start 7.5 -8.5) (end -7.5 -8.5) (layer B.Fab) (width 0.127))
    (fp_line (start 7.5 -7.5) (end 7.5 -8.5) (layer B.Fab) (width 0.127))
    (fp_line (start 7.5 1.4) (end 7.5 -7.5) (layer B.Fab) (width 0.127))
    (fp_line (start -7.5 1.4) (end 7.5 1.4) (layer B.Fab) (width 0.127))
    (fp_circle (center 4.73 3.04) (end 4.984 3.04) (layer B.SilkS) (width 0.1))
    (fp_line (start -9.08 -8.75) (end -9.08 2.2) (layer B.CrtYd) (width 0.05))
    (fp_line (start 9.08 -8.75) (end -9.08 -8.75) (layer B.CrtYd) (width 0.05))
    (fp_line (start 9.08 2.2) (end 9.08 -8.75) (layer B.CrtYd) (width 0.05))
    (fp_line (start -9.08 2.2) (end 9.08 2.2) (layer B.CrtYd) (width 0.05))
    (fp_line (start -7.5 -3.56) (end -7.5 -1.37) (layer B.SilkS) (width 0.127))
    (fp_line (start -7.5 -7.5) (end -7.5 -6.27) (layer B.SilkS) (width 0.127))
    (fp_line (start 7.5 -7.5) (end -7.5 -7.5) (layer B.SilkS) (width 0.127))
    (fp_line (start 7.5 -6.27) (end 7.5 -7.5) (layer B.SilkS) (width 0.127))
    (fp_line (start 7.5 -1.37) (end 7.5 -3.56) (layer B.SilkS) (width 0.127))
    (fp_line (start 5.45 1.4) (end 6.55 1.4) (layer B.SilkS) (width 0.127))
    (fp_line (start -6.35 1.4) (end -4.85 1.4) (layer B.SilkS) (width 0.127))
    (pad S4 thru_hole circle (at 7.85 -4.9 180) (size 1.95 1.95) (drill 1.3) (layers *.Cu *.Mask)
      (net 6 Earth))
    (pad S3 thru_hole circle (at -7.85 -4.9 180) (size 1.95 1.95) (drill 1.3) (layers *.Cu *.Mask)
      (net 6 Earth))
    (pad S1 thru_hole circle (at 7.25 0 180) (size 1.95 1.95) (drill 1.3) (layers *.Cu *.Mask)
      (net 6 Earth))
    (pad S2 thru_hole circle (at -7.25 0 180) (size 1.95 1.95) (drill 1.3) (layers *.Cu *.Mask)
      (net 6 Earth))
    (pad 19 smd rect (at -4.25 1 180) (size 0.3 1.9) (layers B.Cu B.Paste B.Mask)
      (net 29 /HDMI_HEACN))
    (pad 18 smd rect (at -3.75 1 180) (size 0.3 1.9) (layers B.Cu B.Paste B.Mask)
      (net 1 /DCDC_5V))
    (pad 17 smd rect (at -3.25 1 180) (size 0.3 1.9) (layers B.Cu B.Paste B.Mask)
      (net 2 GND))
    (pad 16 smd rect (at -2.75 1 180) (size 0.3 1.9) (layers B.Cu B.Paste B.Mask)
      (net 8 /HDMI_DDC_SCA))
    (pad 15 smd rect (at -2.25 1 180) (size 0.3 1.9) (layers B.Cu B.Paste B.Mask)
      (net 7 /HDMI_DDC_SCL))
    (pad 14 smd rect (at -1.75 1 180) (size 0.3 1.9) (layers B.Cu B.Paste B.Mask)
      (net 28 /HDMI_HEACP))
    (pad 13 smd rect (at -1.25 1 180) (size 0.3 1.9) (layers B.Cu B.Paste B.Mask)
      (net 17 /HDMI_CEC))
    (pad 12 smd rect (at -0.75 1 180) (size 0.3 1.9) (layers B.Cu B.Paste B.Mask)
      (net 16 /HDMI_CLKN))
    (pad 11 smd rect (at -0.25 1 180) (size 0.3 1.9) (layers B.Cu B.Paste B.Mask)
      (net 2 GND))
    (pad 10 smd rect (at 0.25 1 180) (size 0.3 1.9) (layers B.Cu B.Paste B.Mask)
      (net 14 /HDMI_CLKP))
    (pad 9 smd rect (at 0.75 1 180) (size 0.3 1.9) (layers B.Cu B.Paste B.Mask)
      (net 12 /HDMI_TX0N))
    (pad 8 smd rect (at 1.25 1 180) (size 0.3 1.9) (layers B.Cu B.Paste B.Mask)
      (net 2 GND))
    (pad 7 smd rect (at 1.75 1 180) (size 0.3 1.9) (layers B.Cu B.Paste B.Mask)
      (net 11 /HDMI_TX0P))
    (pad 6 smd rect (at 2.25 1 180) (size 0.3 1.9) (layers B.Cu B.Paste B.Mask)
      (net 15 /HDMI_TX1N))
    (pad 5 smd rect (at 2.75 1 180) (size 0.3 1.9) (layers B.Cu B.Paste B.Mask)
      (net 2 GND))
    (pad 4 smd rect (at 3.25 1 180) (size 0.3 1.9) (layers B.Cu B.Paste B.Mask)
      (net 13 /HDMI_TX1P))
    (pad 3 smd rect (at 3.75 1 180) (size 0.3 1.9) (layers B.Cu B.Paste B.Mask)
      (net 10 /HDMI_TX2N))
    (pad 2 smd rect (at 4.25 1 180) (size 0.3 1.9) (layers B.Cu B.Paste B.Mask)
      (net 2 GND))
    (pad 1 smd rect (at 4.75 1 180) (size 0.3 1.9) (layers B.Cu B.Paste B.Mask)
      (net 9 /HDMI_TX2P))
  )

  (module Capacitor_SMD:C_1206_3216Metric_Pad1.42x1.75mm_HandSolder (layer F.Cu) (tedit 5B301BBE) (tstamp 5EAC92F7)
    (at 93.98 95.25 270)
    (descr "Capacitor SMD 1206 (3216 Metric), square (rectangular) end terminal, IPC_7351 nominal with elongated pad for handsoldering. (Body size source: http://www.tortai-tech.com/upload/download/2011102023233369053.pdf), generated with kicad-footprint-generator")
    (tags "capacitor handsolder")
    (path /5EB08EB3)
    (attr smd)
    (fp_text reference C1 (at 0 -1.82 90) (layer F.SilkS)
      (effects (font (size 1 1) (thickness 0.15)))
    )
    (fp_text value 0,1uF (at 0 1.82 90) (layer F.Fab)
      (effects (font (size 1 1) (thickness 0.15)))
    )
    (fp_text user %R (at 0 0 90) (layer F.Fab)
      (effects (font (size 0.8 0.8) (thickness 0.12)))
    )
    (fp_line (start 2.45 1.12) (end -2.45 1.12) (layer F.CrtYd) (width 0.05))
    (fp_line (start 2.45 -1.12) (end 2.45 1.12) (layer F.CrtYd) (width 0.05))
    (fp_line (start -2.45 -1.12) (end 2.45 -1.12) (layer F.CrtYd) (width 0.05))
    (fp_line (start -2.45 1.12) (end -2.45 -1.12) (layer F.CrtYd) (width 0.05))
    (fp_line (start -0.602064 0.91) (end 0.602064 0.91) (layer F.SilkS) (width 0.12))
    (fp_line (start -0.602064 -0.91) (end 0.602064 -0.91) (layer F.SilkS) (width 0.12))
    (fp_line (start 1.6 0.8) (end -1.6 0.8) (layer F.Fab) (width 0.1))
    (fp_line (start 1.6 -0.8) (end 1.6 0.8) (layer F.Fab) (width 0.1))
    (fp_line (start -1.6 -0.8) (end 1.6 -0.8) (layer F.Fab) (width 0.1))
    (fp_line (start -1.6 0.8) (end -1.6 -0.8) (layer F.Fab) (width 0.1))
    (pad 2 smd roundrect (at 1.4875 0 270) (size 1.425 1.75) (layers F.Cu F.Paste F.Mask) (roundrect_rratio 0.175439)
      (net 9 /HDMI_TX2P))
    (pad 1 smd roundrect (at -1.4875 0 270) (size 1.425 1.75) (layers F.Cu F.Paste F.Mask) (roundrect_rratio 0.175439)
      (net 18 /DP0_P))
    (model ${KISYS3DMOD}/Capacitor_SMD.3dshapes/C_1206_3216Metric.wrl
      (at (xyz 0 0 0))
      (scale (xyz 1 1 1))
      (rotate (xyz 0 0 0))
    )
  )

  (module Capacitor_SMD:C_1206_3216Metric_Pad1.42x1.75mm_HandSolder (layer F.Cu) (tedit 5B301BBE) (tstamp 5EAC9308)
    (at 109.855 95.25 270)
    (descr "Capacitor SMD 1206 (3216 Metric), square (rectangular) end terminal, IPC_7351 nominal with elongated pad for handsoldering. (Body size source: http://www.tortai-tech.com/upload/download/2011102023233369053.pdf), generated with kicad-footprint-generator")
    (tags "capacitor handsolder")
    (path /5EAD7645)
    (attr smd)
    (fp_text reference C2 (at 0 -1.82 90) (layer F.SilkS)
      (effects (font (size 1 1) (thickness 0.15)))
    )
    (fp_text value 0,1uF (at 0 1.82 90) (layer F.Fab)
      (effects (font (size 1 1) (thickness 0.15)))
    )
    (fp_text user %R (at 0 0 90) (layer F.Fab)
      (effects (font (size 0.8 0.8) (thickness 0.12)))
    )
    (fp_line (start 2.45 1.12) (end -2.45 1.12) (layer F.CrtYd) (width 0.05))
    (fp_line (start 2.45 -1.12) (end 2.45 1.12) (layer F.CrtYd) (width 0.05))
    (fp_line (start -2.45 -1.12) (end 2.45 -1.12) (layer F.CrtYd) (width 0.05))
    (fp_line (start -2.45 1.12) (end -2.45 -1.12) (layer F.CrtYd) (width 0.05))
    (fp_line (start -0.602064 0.91) (end 0.602064 0.91) (layer F.SilkS) (width 0.12))
    (fp_line (start -0.602064 -0.91) (end 0.602064 -0.91) (layer F.SilkS) (width 0.12))
    (fp_line (start 1.6 0.8) (end -1.6 0.8) (layer F.Fab) (width 0.1))
    (fp_line (start 1.6 -0.8) (end 1.6 0.8) (layer F.Fab) (width 0.1))
    (fp_line (start -1.6 -0.8) (end 1.6 -0.8) (layer F.Fab) (width 0.1))
    (fp_line (start -1.6 0.8) (end -1.6 -0.8) (layer F.Fab) (width 0.1))
    (pad 2 smd roundrect (at 1.4875 0 270) (size 1.425 1.75) (layers F.Cu F.Paste F.Mask) (roundrect_rratio 0.175439)
      (net 11 /HDMI_TX0P))
    (pad 1 smd roundrect (at -1.4875 0 270) (size 1.425 1.75) (layers F.Cu F.Paste F.Mask) (roundrect_rratio 0.175439)
      (net 19 /DP2_P))
    (model ${KISYS3DMOD}/Capacitor_SMD.3dshapes/C_1206_3216Metric.wrl
      (at (xyz 0 0 0))
      (scale (xyz 1 1 1))
      (rotate (xyz 0 0 0))
    )
  )

  (module Capacitor_SMD:C_1206_3216Metric_Pad1.42x1.75mm_HandSolder (layer F.Cu) (tedit 5B301BBE) (tstamp 5EAC9319)
    (at 97.94875 95.25 270)
    (descr "Capacitor SMD 1206 (3216 Metric), square (rectangular) end terminal, IPC_7351 nominal with elongated pad for handsoldering. (Body size source: http://www.tortai-tech.com/upload/download/2011102023233369053.pdf), generated with kicad-footprint-generator")
    (tags "capacitor handsolder")
    (path /5EAD19C6)
    (attr smd)
    (fp_text reference C3 (at 0 -1.82 90) (layer F.SilkS)
      (effects (font (size 1 1) (thickness 0.15)))
    )
    (fp_text value 0,1uF (at 0 1.82 90) (layer F.Fab)
      (effects (font (size 1 1) (thickness 0.15)))
    )
    (fp_text user %R (at 0 0 90) (layer F.Fab)
      (effects (font (size 0.8 0.8) (thickness 0.12)))
    )
    (fp_line (start 2.45 1.12) (end -2.45 1.12) (layer F.CrtYd) (width 0.05))
    (fp_line (start 2.45 -1.12) (end 2.45 1.12) (layer F.CrtYd) (width 0.05))
    (fp_line (start -2.45 -1.12) (end 2.45 -1.12) (layer F.CrtYd) (width 0.05))
    (fp_line (start -2.45 1.12) (end -2.45 -1.12) (layer F.CrtYd) (width 0.05))
    (fp_line (start -0.602064 0.91) (end 0.602064 0.91) (layer F.SilkS) (width 0.12))
    (fp_line (start -0.602064 -0.91) (end 0.602064 -0.91) (layer F.SilkS) (width 0.12))
    (fp_line (start 1.6 0.8) (end -1.6 0.8) (layer F.Fab) (width 0.1))
    (fp_line (start 1.6 -0.8) (end 1.6 0.8) (layer F.Fab) (width 0.1))
    (fp_line (start -1.6 -0.8) (end 1.6 -0.8) (layer F.Fab) (width 0.1))
    (fp_line (start -1.6 0.8) (end -1.6 -0.8) (layer F.Fab) (width 0.1))
    (pad 2 smd roundrect (at 1.4875 0 270) (size 1.425 1.75) (layers F.Cu F.Paste F.Mask) (roundrect_rratio 0.175439)
      (net 10 /HDMI_TX2N))
    (pad 1 smd roundrect (at -1.4875 0 270) (size 1.425 1.75) (layers F.Cu F.Paste F.Mask) (roundrect_rratio 0.175439)
      (net 20 /DP0_N))
    (model ${KISYS3DMOD}/Capacitor_SMD.3dshapes/C_1206_3216Metric.wrl
      (at (xyz 0 0 0))
      (scale (xyz 1 1 1))
      (rotate (xyz 0 0 0))
    )
  )

  (module Capacitor_SMD:C_1206_3216Metric_Pad1.42x1.75mm_HandSolder (layer F.Cu) (tedit 5B301BBE) (tstamp 5EAC932A)
    (at 113.82375 95.25 270)
    (descr "Capacitor SMD 1206 (3216 Metric), square (rectangular) end terminal, IPC_7351 nominal with elongated pad for handsoldering. (Body size source: http://www.tortai-tech.com/upload/download/2011102023233369053.pdf), generated with kicad-footprint-generator")
    (tags "capacitor handsolder")
    (path /5EAD763B)
    (attr smd)
    (fp_text reference C4 (at 0 -1.82 90) (layer F.SilkS)
      (effects (font (size 1 1) (thickness 0.15)))
    )
    (fp_text value 0,1uF (at 0 1.82 90) (layer F.Fab)
      (effects (font (size 1 1) (thickness 0.15)))
    )
    (fp_line (start -1.6 0.8) (end -1.6 -0.8) (layer F.Fab) (width 0.1))
    (fp_line (start -1.6 -0.8) (end 1.6 -0.8) (layer F.Fab) (width 0.1))
    (fp_line (start 1.6 -0.8) (end 1.6 0.8) (layer F.Fab) (width 0.1))
    (fp_line (start 1.6 0.8) (end -1.6 0.8) (layer F.Fab) (width 0.1))
    (fp_line (start -0.602064 -0.91) (end 0.602064 -0.91) (layer F.SilkS) (width 0.12))
    (fp_line (start -0.602064 0.91) (end 0.602064 0.91) (layer F.SilkS) (width 0.12))
    (fp_line (start -2.45 1.12) (end -2.45 -1.12) (layer F.CrtYd) (width 0.05))
    (fp_line (start -2.45 -1.12) (end 2.45 -1.12) (layer F.CrtYd) (width 0.05))
    (fp_line (start 2.45 -1.12) (end 2.45 1.12) (layer F.CrtYd) (width 0.05))
    (fp_line (start 2.45 1.12) (end -2.45 1.12) (layer F.CrtYd) (width 0.05))
    (fp_text user %R (at 0 0 90) (layer F.Fab)
      (effects (font (size 0.8 0.8) (thickness 0.12)))
    )
    (pad 1 smd roundrect (at -1.4875 0 270) (size 1.425 1.75) (layers F.Cu F.Paste F.Mask) (roundrect_rratio 0.175439)
      (net 21 /DP2_N))
    (pad 2 smd roundrect (at 1.4875 0 270) (size 1.425 1.75) (layers F.Cu F.Paste F.Mask) (roundrect_rratio 0.175439)
      (net 12 /HDMI_TX0N))
    (model ${KISYS3DMOD}/Capacitor_SMD.3dshapes/C_1206_3216Metric.wrl
      (at (xyz 0 0 0))
      (scale (xyz 1 1 1))
      (rotate (xyz 0 0 0))
    )
  )

  (module Capacitor_SMD:C_1206_3216Metric_Pad1.42x1.75mm_HandSolder (layer B.Cu) (tedit 5B301BBE) (tstamp 5EAC933B)
    (at 86.1425 90.17 180)
    (descr "Capacitor SMD 1206 (3216 Metric), square (rectangular) end terminal, IPC_7351 nominal with elongated pad for handsoldering. (Body size source: http://www.tortai-tech.com/upload/download/2011102023233369053.pdf), generated with kicad-footprint-generator")
    (tags "capacitor handsolder")
    (path /5EB32865)
    (attr smd)
    (fp_text reference C5 (at 0 1.82) (layer B.SilkS)
      (effects (font (size 1 1) (thickness 0.15)) (justify mirror))
    )
    (fp_text value 22uF (at 0 -1.82) (layer B.Fab)
      (effects (font (size 1 1) (thickness 0.15)) (justify mirror))
    )
    (fp_line (start -1.6 -0.8) (end -1.6 0.8) (layer B.Fab) (width 0.1))
    (fp_line (start -1.6 0.8) (end 1.6 0.8) (layer B.Fab) (width 0.1))
    (fp_line (start 1.6 0.8) (end 1.6 -0.8) (layer B.Fab) (width 0.1))
    (fp_line (start 1.6 -0.8) (end -1.6 -0.8) (layer B.Fab) (width 0.1))
    (fp_line (start -0.602064 0.91) (end 0.602064 0.91) (layer B.SilkS) (width 0.12))
    (fp_line (start -0.602064 -0.91) (end 0.602064 -0.91) (layer B.SilkS) (width 0.12))
    (fp_line (start -2.45 -1.12) (end -2.45 1.12) (layer B.CrtYd) (width 0.05))
    (fp_line (start -2.45 1.12) (end 2.45 1.12) (layer B.CrtYd) (width 0.05))
    (fp_line (start 2.45 1.12) (end 2.45 -1.12) (layer B.CrtYd) (width 0.05))
    (fp_line (start 2.45 -1.12) (end -2.45 -1.12) (layer B.CrtYd) (width 0.05))
    (fp_text user %R (at 0 0) (layer B.Fab)
      (effects (font (size 0.8 0.8) (thickness 0.12)) (justify mirror))
    )
    (pad 1 smd roundrect (at -1.4875 0 180) (size 1.425 1.75) (layers B.Cu B.Paste B.Mask) (roundrect_rratio 0.175439)
      (net 1 /DCDC_5V))
    (pad 2 smd roundrect (at 1.4875 0 180) (size 1.425 1.75) (layers B.Cu B.Paste B.Mask) (roundrect_rratio 0.175439)
      (net 2 GND))
    (model ${KISYS3DMOD}/Capacitor_SMD.3dshapes/C_1206_3216Metric.wrl
      (at (xyz 0 0 0))
      (scale (xyz 1 1 1))
      (rotate (xyz 0 0 0))
    )
  )

  (module Capacitor_SMD:C_1206_3216Metric_Pad1.42x1.75mm_HandSolder (layer F.Cu) (tedit 5B301BBE) (tstamp 5EAC934C)
    (at 101.9175 95.25 270)
    (descr "Capacitor SMD 1206 (3216 Metric), square (rectangular) end terminal, IPC_7351 nominal with elongated pad for handsoldering. (Body size source: http://www.tortai-tech.com/upload/download/2011102023233369053.pdf), generated with kicad-footprint-generator")
    (tags "capacitor handsolder")
    (path /5EAD3DF3)
    (attr smd)
    (fp_text reference C6 (at 0 -1.82 90) (layer F.SilkS)
      (effects (font (size 1 1) (thickness 0.15)))
    )
    (fp_text value 0,1uF (at 0 1.82 90) (layer F.Fab)
      (effects (font (size 1 1) (thickness 0.15)))
    )
    (fp_text user %R (at 0 0 90) (layer F.Fab)
      (effects (font (size 0.8 0.8) (thickness 0.12)))
    )
    (fp_line (start 2.45 1.12) (end -2.45 1.12) (layer F.CrtYd) (width 0.05))
    (fp_line (start 2.45 -1.12) (end 2.45 1.12) (layer F.CrtYd) (width 0.05))
    (fp_line (start -2.45 -1.12) (end 2.45 -1.12) (layer F.CrtYd) (width 0.05))
    (fp_line (start -2.45 1.12) (end -2.45 -1.12) (layer F.CrtYd) (width 0.05))
    (fp_line (start -0.602064 0.91) (end 0.602064 0.91) (layer F.SilkS) (width 0.12))
    (fp_line (start -0.602064 -0.91) (end 0.602064 -0.91) (layer F.SilkS) (width 0.12))
    (fp_line (start 1.6 0.8) (end -1.6 0.8) (layer F.Fab) (width 0.1))
    (fp_line (start 1.6 -0.8) (end 1.6 0.8) (layer F.Fab) (width 0.1))
    (fp_line (start -1.6 -0.8) (end 1.6 -0.8) (layer F.Fab) (width 0.1))
    (fp_line (start -1.6 0.8) (end -1.6 -0.8) (layer F.Fab) (width 0.1))
    (pad 2 smd roundrect (at 1.4875 0 270) (size 1.425 1.75) (layers F.Cu F.Paste F.Mask) (roundrect_rratio 0.175439)
      (net 13 /HDMI_TX1P))
    (pad 1 smd roundrect (at -1.4875 0 270) (size 1.425 1.75) (layers F.Cu F.Paste F.Mask) (roundrect_rratio 0.175439)
      (net 22 /DP1_P))
    (model ${KISYS3DMOD}/Capacitor_SMD.3dshapes/C_1206_3216Metric.wrl
      (at (xyz 0 0 0))
      (scale (xyz 1 1 1))
      (rotate (xyz 0 0 0))
    )
  )

  (module Capacitor_SMD:C_1206_3216Metric_Pad1.42x1.75mm_HandSolder (layer F.Cu) (tedit 5B301BBE) (tstamp 5EAC935D)
    (at 117.7925 95.25 270)
    (descr "Capacitor SMD 1206 (3216 Metric), square (rectangular) end terminal, IPC_7351 nominal with elongated pad for handsoldering. (Body size source: http://www.tortai-tech.com/upload/download/2011102023233369053.pdf), generated with kicad-footprint-generator")
    (tags "capacitor handsolder")
    (path /5EAD7659)
    (attr smd)
    (fp_text reference C7 (at 0 -1.82 90) (layer F.SilkS)
      (effects (font (size 1 1) (thickness 0.15)))
    )
    (fp_text value 0,1uF (at 0 1.82 90) (layer F.Fab)
      (effects (font (size 1 1) (thickness 0.15)))
    )
    (fp_text user %R (at 0 0 90) (layer F.Fab)
      (effects (font (size 0.8 0.8) (thickness 0.12)))
    )
    (fp_line (start 2.45 1.12) (end -2.45 1.12) (layer F.CrtYd) (width 0.05))
    (fp_line (start 2.45 -1.12) (end 2.45 1.12) (layer F.CrtYd) (width 0.05))
    (fp_line (start -2.45 -1.12) (end 2.45 -1.12) (layer F.CrtYd) (width 0.05))
    (fp_line (start -2.45 1.12) (end -2.45 -1.12) (layer F.CrtYd) (width 0.05))
    (fp_line (start -0.602064 0.91) (end 0.602064 0.91) (layer F.SilkS) (width 0.12))
    (fp_line (start -0.602064 -0.91) (end 0.602064 -0.91) (layer F.SilkS) (width 0.12))
    (fp_line (start 1.6 0.8) (end -1.6 0.8) (layer F.Fab) (width 0.1))
    (fp_line (start 1.6 -0.8) (end 1.6 0.8) (layer F.Fab) (width 0.1))
    (fp_line (start -1.6 -0.8) (end 1.6 -0.8) (layer F.Fab) (width 0.1))
    (fp_line (start -1.6 0.8) (end -1.6 -0.8) (layer F.Fab) (width 0.1))
    (pad 2 smd roundrect (at 1.4875 0 270) (size 1.425 1.75) (layers F.Cu F.Paste F.Mask) (roundrect_rratio 0.175439)
      (net 14 /HDMI_CLKP))
    (pad 1 smd roundrect (at -1.4875 0 270) (size 1.425 1.75) (layers F.Cu F.Paste F.Mask) (roundrect_rratio 0.175439)
      (net 23 /DP3_P))
    (model ${KISYS3DMOD}/Capacitor_SMD.3dshapes/C_1206_3216Metric.wrl
      (at (xyz 0 0 0))
      (scale (xyz 1 1 1))
      (rotate (xyz 0 0 0))
    )
  )

  (module Capacitor_SMD:C_1206_3216Metric_Pad1.42x1.75mm_HandSolder (layer B.Cu) (tedit 5B301BBE) (tstamp 5EAC936E)
    (at 86.1425 82.55 180)
    (descr "Capacitor SMD 1206 (3216 Metric), square (rectangular) end terminal, IPC_7351 nominal with elongated pad for handsoldering. (Body size source: http://www.tortai-tech.com/upload/download/2011102023233369053.pdf), generated with kicad-footprint-generator")
    (tags "capacitor handsolder")
    (path /5EB319D0)
    (attr smd)
    (fp_text reference C8 (at 0 1.82) (layer B.SilkS)
      (effects (font (size 1 1) (thickness 0.15)) (justify mirror))
    )
    (fp_text value 0,1uF (at 0 -1.82) (layer B.Fab)
      (effects (font (size 1 1) (thickness 0.15)) (justify mirror))
    )
    (fp_text user %R (at 0 0) (layer B.Fab)
      (effects (font (size 0.8 0.8) (thickness 0.12)) (justify mirror))
    )
    (fp_line (start 2.45 -1.12) (end -2.45 -1.12) (layer B.CrtYd) (width 0.05))
    (fp_line (start 2.45 1.12) (end 2.45 -1.12) (layer B.CrtYd) (width 0.05))
    (fp_line (start -2.45 1.12) (end 2.45 1.12) (layer B.CrtYd) (width 0.05))
    (fp_line (start -2.45 -1.12) (end -2.45 1.12) (layer B.CrtYd) (width 0.05))
    (fp_line (start -0.602064 -0.91) (end 0.602064 -0.91) (layer B.SilkS) (width 0.12))
    (fp_line (start -0.602064 0.91) (end 0.602064 0.91) (layer B.SilkS) (width 0.12))
    (fp_line (start 1.6 -0.8) (end -1.6 -0.8) (layer B.Fab) (width 0.1))
    (fp_line (start 1.6 0.8) (end 1.6 -0.8) (layer B.Fab) (width 0.1))
    (fp_line (start -1.6 0.8) (end 1.6 0.8) (layer B.Fab) (width 0.1))
    (fp_line (start -1.6 -0.8) (end -1.6 0.8) (layer B.Fab) (width 0.1))
    (pad 2 smd roundrect (at 1.4875 0 180) (size 1.425 1.75) (layers B.Cu B.Paste B.Mask) (roundrect_rratio 0.175439)
      (net 2 GND))
    (pad 1 smd roundrect (at -1.4875 0 180) (size 1.425 1.75) (layers B.Cu B.Paste B.Mask) (roundrect_rratio 0.175439)
      (net 1 /DCDC_5V))
    (model ${KISYS3DMOD}/Capacitor_SMD.3dshapes/C_1206_3216Metric.wrl
      (at (xyz 0 0 0))
      (scale (xyz 1 1 1))
      (rotate (xyz 0 0 0))
    )
  )

  (module Capacitor_SMD:C_1206_3216Metric_Pad1.42x1.75mm_HandSolder (layer F.Cu) (tedit 5B301BBE) (tstamp 5EAC937F)
    (at 105.88625 95.25 270)
    (descr "Capacitor SMD 1206 (3216 Metric), square (rectangular) end terminal, IPC_7351 nominal with elongated pad for handsoldering. (Body size source: http://www.tortai-tech.com/upload/download/2011102023233369053.pdf), generated with kicad-footprint-generator")
    (tags "capacitor handsolder")
    (path /5EAD3DE9)
    (attr smd)
    (fp_text reference C9 (at 0 -1.82 90) (layer F.SilkS)
      (effects (font (size 1 1) (thickness 0.15)))
    )
    (fp_text value 0,1uF (at 0 1.82 90) (layer F.Fab)
      (effects (font (size 1 1) (thickness 0.15)))
    )
    (fp_line (start -1.6 0.8) (end -1.6 -0.8) (layer F.Fab) (width 0.1))
    (fp_line (start -1.6 -0.8) (end 1.6 -0.8) (layer F.Fab) (width 0.1))
    (fp_line (start 1.6 -0.8) (end 1.6 0.8) (layer F.Fab) (width 0.1))
    (fp_line (start 1.6 0.8) (end -1.6 0.8) (layer F.Fab) (width 0.1))
    (fp_line (start -0.602064 -0.91) (end 0.602064 -0.91) (layer F.SilkS) (width 0.12))
    (fp_line (start -0.602064 0.91) (end 0.602064 0.91) (layer F.SilkS) (width 0.12))
    (fp_line (start -2.45 1.12) (end -2.45 -1.12) (layer F.CrtYd) (width 0.05))
    (fp_line (start -2.45 -1.12) (end 2.45 -1.12) (layer F.CrtYd) (width 0.05))
    (fp_line (start 2.45 -1.12) (end 2.45 1.12) (layer F.CrtYd) (width 0.05))
    (fp_line (start 2.45 1.12) (end -2.45 1.12) (layer F.CrtYd) (width 0.05))
    (fp_text user %R (at 0 0 90) (layer F.Fab)
      (effects (font (size 0.8 0.8) (thickness 0.12)))
    )
    (pad 1 smd roundrect (at -1.4875 0 270) (size 1.425 1.75) (layers F.Cu F.Paste F.Mask) (roundrect_rratio 0.175439)
      (net 24 /DP1_N))
    (pad 2 smd roundrect (at 1.4875 0 270) (size 1.425 1.75) (layers F.Cu F.Paste F.Mask) (roundrect_rratio 0.175439)
      (net 15 /HDMI_TX1N))
    (model ${KISYS3DMOD}/Capacitor_SMD.3dshapes/C_1206_3216Metric.wrl
      (at (xyz 0 0 0))
      (scale (xyz 1 1 1))
      (rotate (xyz 0 0 0))
    )
  )

  (module Capacitor_SMD:C_1206_3216Metric_Pad1.42x1.75mm_HandSolder (layer F.Cu) (tedit 5B301BBE) (tstamp 5EAC9390)
    (at 121.76125 95.25 270)
